1,0.0,1093.5,1093.5,1093.5,0.0,0.0,636147.0
2,0.0,1107.0,1107.0,1107.0,0.0,0.0,636604.0
3,0.0,1067.0,1067.0,1067.0,0.0,0.0,628018.0
4,0.0,1054.0,1054.0,1054.0,0.0,0.0,617458.0
5,0.0,1081.25,1081.25,1081.25,0.0,0.0,612503.0
6,0.0,1067.0,1067.0,1067.0,0.0,0.0,614816.0
7,0.0,1075.25,1075.25,1075.25,0.0,0.0,615803.0
8,0.0,1088.25,1088.25,1088.25,0.0,0.0,621891.0
9,0.0,1105.0,1105.0,1105.0,0.0,0.0,622647.0
10,0.0,1105.0,1105.0,1105.0,0.0,0.0,0.0
11,0.0,1097.5,1097.5,1097.5,0.0,0.0,625531.0
12,0.0,1096.0,1096.0,1096.0,0.0,0.0,629228.0
13,0.0,1100.0,1100.0,1100.0,0.0,0.0,629641.0
14,0.0,1132.0,1132.0,1132.0,0.0,0.0,631521.0
15,0.0,1131.0,1131.0,1131.0,0.0,0.0,637044.0
16,0.0,1135.0,1135.0,1135.0,0.0,0.0,635581.0
17,0.0,1139.5,1139.5,1139.5,0.0,0.0,637187.0
18,0.0,1144.0,1144.0,1144.0,0.0,0.0,631450.0
19,0.0,1154.0,1154.0,1154.0,0.0,0.0,631786.0
20,0.0,1140.25,1140.25,1140.25,0.0,0.0,632093.0
21,0.0,1139.5,1139.5,1139.5,0.0,0.0,627974.0
22,0.0,1166.5,1166.5,1166.5,0.0,0.0,639740.0
23,0.0,1156.0,1156.0,1156.0,0.0,0.0,641380.0
24,0.0,1154.5,1154.5,1154.5,0.0,0.0,643172.0
25,0.0,1151.0,1151.0,1151.0,0.0,0.0,650096.0
26,0.0,1167.75,1167.75,1167.75,0.0,0.0,649436.0
27,0.0,1177.0,1177.0,1177.0,0.0,0.0,650720.0
28,0.0,1179.0,1179.0,1179.0,0.0,0.0,656932.0
29,0.0,1179.25,1179.25,1179.25,0.0,0.0,660862.0
30,0.0,1194.0,1194.0,1194.0,0.0,0.0,661077.0
31,0.0,1194.0,1194.0,1194.0,0.0,0.0,0.0
32,0.0,1203.25,1203.25,1203.25,0.0,0.0,662034.0
33,0.0,1204.25,1204.25,1204.25,0.0,0.0,656652.0
34,0.0,1203.25,1203.25,1203.25,0.0,0.0,646355.0
35,0.0,1216.5,1216.5,1216.5,0.0,0.0,638635.0
36,0.0,1231.5,1231.5,1231.5,0.0,0.0,628389.0
37,0.0,1212.25,1212.25,1212.25,0.0,0.0,629399.0
38,0.0,1194.0,1194.0,1194.0,0.0,0.0,625584.0
39,0.0,1212.0,1212.0,1212.0,0.0,0.0,622609.0
40,0.0,1207.5,1207.5,1207.5,0.0,0.0,626285.0
41,0.0,1205.0,1205.0,1205.0,0.0,0.0,619912.0
42,0.0,1205.0,1205.0,1205.0,0.0,0.0,617497.0
43,0.0,1189.0,1189.0,1189.0,0.0,0.0,623778.0
44,0.0,1200.0,1200.0,1200.0,0.0,0.0,623205.0
45,0.0,1197.0,1197.0,1197.0,0.0,0.0,631594.0
46,0.0,1202.0,1202.0,1202.0,1.0,1.0,642515.0
47,0.0,1202.0,1202.0,1202.0,0.0,0.0,0.0
48,0.0,1192.0,1192.0,1192.0,0.0,1.0,646246.0
49,0.0,1196.0,1196.0,1196.0,0.0,1.0,654378.0
50,0.0,1202.75,1202.75,1202.75,0.0,1.0,658882.0
51,0.0,1211.0,1211.0,1211.0,0.0,1.0,660339.0
52,0.0,1205.75,1205.75,1205.75,0.0,1.0,662135.0
53,0.0,1187.0,1187.0,1187.0,0.0,1.0,656305.0
54,0.0,1203.0,1203.0,1203.0,0.0,1.0,650122.0
55,0.0,1203.0,1203.0,1203.0,0.0,1.0,656493.0
56,0.0,1204.0,1204.0,1204.0,0.0,1.0,660596.0
57,0.0,1220.0,1220.0,1220.0,0.0,1.0,662077.0
58,0.0,1234.0,1234.0,1234.0,0.0,1.0,667874.0
59,0.0,1229.0,1229.0,1229.0,0.0,1.0,677851.0
60,0.0,1226.5,1226.5,1226.5,0.0,1.0,686598.0
61,0.0,1230.0,1230.0,1230.0,0.0,1.0,690887.0
62,0.0,1229.0,1229.0,1229.0,0.0,1.0,699400.0
63,0.0,1237.0,1237.0,1237.0,0.0,1.0,697263.0
64,0.0,1239.0,1239.0,1239.0,0.0,1.0,698094.0
65,0.0,1229.0,1229.0,1229.0,0.0,1.0,703682.0
66,0.0,1225.0,1225.0,1225.0,0.0,1.0,704913.0
67,0.0,1216.75,1216.75,1216.75,0.0,1.0,701830.0
68,0.0,1204.0,1204.0,1204.0,0.0,1.0,700839.0
69,0.0,1204.5,1204.5,1204.5,0.0,1.0,698764.0
70,0.0,1239.0,1239.0,1239.0,0.0,1.0,690781.0
71,0.0,1207.5,1207.5,1207.5,0.0,1.0,681485.0
72,0.0,1207.5,1207.5,1207.5,0.0,0.0,0.0
73,0.0,1149.0,1149.0,1149.0,0.0,1.0,649459.0
74,0.0,1168.0,1168.0,1168.0,0.0,1.0,638392.0
75,0.0,1168.25,1168.25,1168.25,0.0,1.0,627370.0
76,0.0,1192.0,1192.0,1192.0,0.0,1.0,623526.0
77,0.0,1189.0,1189.0,1189.0,0.0,1.0,618719.0
78,0.0,1192.5,1192.5,1192.5,0.0,1.0,612246.0
79,0.0,1199.25,1199.25,1199.25,0.0,1.0,612668.0
80,0.0,1204.0,1204.0,1204.0,0.0,1.0,612285.0
81,0.0,1212.0,1212.0,1212.0,0.0,1.0,614600.0
82,0.0,1215.0,1215.0,1215.0,0.0,1.0,618563.0
83,0.0,1210.0,1210.0,1210.0,0.0,1.0,619123.0
84,0.0,1184.0,1184.0,1184.0,0.0,1.0,617315.0
85,0.0,1180.5,1180.5,1180.5,0.0,1.0,616231.0
86,1180.0,1180.0,1160.5,1160.5,0.0,1.0,620729.0
87,0.0,1171.5,1171.5,1171.5,1.0,1.0,620556.0
88,0.0,1125.5,1125.5,1125.5,0.0,1.0,620192.0
89,0.0,1132.5,1132.5,1132.5,0.0,1.0,623278.0
90,0.0,1182.5,1182.5,1182.5,0.0,1.0,620745.0
91,0.0,1195.25,1195.25,1195.25,0.0,1.0,611402.0
92,0.0,1212.25,1212.25,1212.25,0.0,1.0,614224.0
93,0.0,1210.75,1210.75,1210.75,0.0,1.0,613680.0
94,0.0,1204.75,1204.75,1204.75,0.0,1.0,616043.0
95,0.0,1216.75,1216.75,1216.75,0.0,1.0,617532.0
96,0.0,1226.5,1226.5,1226.5,0.0,1.0,618579.0
97,0.0,1223.0,1223.0,1223.0,0.0,1.0,617943.0
98,0.0,1235.5,1235.5,1235.5,0.0,1.0,615727.0
99,0.0,1245.5,1245.5,1245.5,0.0,1.0,618462.0
100,0.0,1277.5,1277.5,1277.5,0.0,1.0,623265.0
101,0.0,1278.5,1278.5,1278.5,0.0,1.0,636556.0
102,0.0,1279.0,1279.0,1279.0,0.0,1.0,637734.0
103,0.0,1273.75,1273.75,1273.75,0.0,1.0,637255.0
104,0.0,1267.0,1267.0,1267.0,0.0,1.0,634185.0
105,0.0,1264.0,1264.0,1264.0,0.0,1.0,643311.0
106,0.0,1291.0,1291.0,1291.0,0.0,1.0,640224.0
107,0.0,1274.0,1274.0,1274.0,0.0,1.0,649596.0
108,0.0,1260.0,1260.0,1260.0,0.0,1.0,644423.0
109,0.0,1277.25,1277.25,1277.25,0.0,1.0,636592.0
110,0.0,1281.75,1281.75,1281.75,0.0,1.0,631631.0
111,0.0,1267.75,1267.75,1267.75,0.0,1.0,633672.0
112,0.0,1275.25,1275.25,1275.25,0.0,1.0,634776.0
113,0.0,1282.0,1282.0,1282.0,0.0,1.0,634523.0
114,0.0,1287.0,1287.0,1287.0,0.0,1.0,636039.0
115,0.0,1301.0,1301.0,1301.0,0.0,1.0,636641.0
116,0.0,1301.0,1301.0,1301.0,0.0,0.0,0.0
117,0.0,1299.0,1299.0,1299.0,0.0,1.0,620690.0
118,0.0,1301.0,1301.0,1301.0,0.0,1.0,604356.0
119,0.0,1293.25,1293.25,1293.25,0.0,1.0,593568.0
120,0.0,1269.0,1269.0,1269.0,0.0,1.0,587043.0
121,0.0,1294.0,1294.0,1294.0,0.0,1.0,577768.0
122,0.0,1290.0,1290.0,1290.0,0.0,1.0,572958.0
123,0.0,1277.0,1277.0,1277.0,0.0,1.0,574018.0
124,0.0,1264.5,1264.5,1264.5,0.0,1.0,571504.0
125,0.0,1241.0,1241.0,1241.0,0.0,1.0,560079.0
126,0.0,1223.25,1223.25,1223.25,0.0,1.0,565330.0
127,0.0,1243.25,1243.25,1243.25,0.0,1.0,561628.0
128,0.0,1243.5,1243.5,1243.5,0.0,1.0,557498.0
129,0.0,1245.0,1245.0,1245.0,0.0,1.0,551624.0
130,0.0,1241.0,1241.0,1241.0,0.0,1.0,554411.0
131,0.0,1228.75,1228.75,1228.75,0.0,1.0,552776.0
132,0.0,1232.0,1232.0,1232.0,0.0,1.0,551314.0
133,0.0,1247.0,1247.0,1247.0,0.0,1.0,546857.0
134,0.0,1277.0,1277.0,1277.0,0.0,1.0,545194.0
135,1290.0,1290.0,1277.0,1277.0,0.0,1.0,547693.0
136,0.0,1280.5,1280.5,1280.5,1.0,1.0,549946.0
137,0.0,1280.25,1280.25,1280.25,0.0,1.0,553074.0
138,0.0,1286.0,1286.0,1286.0,0.0,1.0,552951.0
139,0.0,1297.5,1297.5,1297.5,0.0,1.0,554958.0
140,0.0,1303.75,1303.75,1303.75,0.0,1.0,561129.0
141,0.0,1299.5,1299.5,1299.5,0.0,1.0,573556.0
142,0.0,1299.5,1299.5,1299.5,0.0,0.0,0.0
143,0.0,1297.75,1297.75,1297.75,0.0,1.0,575685.0
144,0.0,1299.25,1299.25,1299.25,0.0,1.0,578374.0
145,0.0,1307.5,1307.5,1307.5,0.0,1.0,579734.0
146,1315.0,1315.0,1312.5,1312.5,0.0,1.0,599333.0
147,0.0,1285.75,1285.75,1285.75,1.0,2.0,604832.0
148,0.0,1305.5,1305.5,1305.5,0.0,2.0,602803.0
149,0.0,1305.5,1305.5,1305.5,0.0,2.0,596873.0
150,0.0,1301.0,1301.0,1301.0,0.0,2.0,595731.0
151,0.0,1303.25,1303.25,1303.25,0.0,2.0,596329.0
152,0.0,1311.25,1311.25,1311.25,0.0,2.0,590259.0
153,0.0,1301.25,1301.25,1301.25,0.0,2.0,594294.0
154,1296.0,1296.0,1294.75,1294.75,0.0,2.0,599556.0
155,0.0,1278.0,1278.0,1278.0,2.0,3.0,591338.0
156,0.0,1275.0,1275.0,1275.0,0.0,3.0,594689.0
157,0.0,1281.0,1281.0,1281.0,0.0,3.0,595225.0
158,0.0,1274.0,1274.0,1274.0,0.0,3.0,592785.0
159,0.0,1261.0,1261.0,1261.0,0.0,3.0,588336.0
160,0.0,1256.0,1256.0,1256.0,0.0,3.0,583503.0
161,0.0,1256.25,1256.25,1256.25,0.0,3.0,590234.0
162,0.0,1256.25,1254.25,1256.25,0.0,3.0,544420.0
163,0.0,1265.25,1265.25,1265.25,0.0,3.0,530783.0
164,0.0,1249.0,1249.0,1249.0,0.0,3.0,525601.0
165,0.0,1256.5,1256.5,1256.5,0.0,3.0,523386.0
166,0.0,1256.5,1256.5,1256.5,0.0,0.0,0.0
167,0.0,1266.5,1266.5,1266.5,0.0,3.0,525380.0
168,0.0,1260.25,1260.25,1260.25,0.0,3.0,522466.0
169,0.0,1266.25,1266.25,1266.25,0.0,3.0,520615.0
170,0.0,1269.75,1269.75,1269.75,0.0,3.0,520365.0
171,0.0,1267.0,1267.0,1267.0,0.0,3.0,515622.0
172,0.0,1273.25,1273.25,1273.25,0.0,3.0,518620.0
173,0.0,1290.0,1290.0,1290.0,0.0,3.0,514256.0
174,0.0,1286.0,1286.0,1286.0,0.0,3.0,521852.0
175,0.0,1289.5,1289.5,1289.5,0.0,3.0,525734.0
176,0.0,1286.5,1286.5,1286.5,0.0,3.0,532714.0
177,0.0,1284.5,1284.5,1284.5,0.0,3.0,541503.0
178,0.0,1280.75,1280.75,1280.75,0.0,3.0,543107.0
179,0.0,1292.5,1292.5,1292.5,0.0,3.0,544424.0
180,0.0,1294.75,1294.75,1294.75,0.0,3.0,546314.0
181,0.0,1292.0,1292.0,1292.0,0.0,3.0,545999.0
182,0.0,1305.0,1305.0,1305.0,0.0,3.0,538970.0
183,0.0,1304.0,1304.0,1304.0,0.0,3.0,537567.0
184,0.0,1301.5,1301.5,1301.5,0.0,3.0,537925.0
185,0.0,1290.0,1290.0,1290.0,0.0,3.0,527288.0
186,0.0,1292.0,1292.0,1292.0,0.0,3.0,518246.0
187,0.0,1300.5,1300.5,1300.5,0.0,3.0,515730.0
188,0.0,1298.5,1298.5,1298.5,0.0,3.0,512382.0
189,0.0,1278.5,1278.5,1278.5,0.0,3.0,506932.0
190,0.0,1267.5,1267.5,1267.5,0.0,3.0,509062.0
191,0.0,1247.5,1247.5,1247.5,0.0,3.0,506089.0
192,0.0,1234.75,1234.75,1234.75,0.0,3.0,499781.0
193,0.0,1238.75,1238.75,1238.75,0.0,3.0,499832.0
194,0.0,1252.5,1252.5,1252.5,0.0,3.0,504644.0
195,0.0,1255.5,1255.5,1255.5,0.0,3.0,514100.0
196,0.0,1266.5,1266.5,1266.5,0.0,3.0,512744.0
197,0.0,1265.25,1265.25,1265.25,0.0,3.0,509403.0
198,0.0,1281.5,1281.5,1281.5,0.0,3.0,506884.0
199,0.0,1277.0,1277.0,1277.0,0.0,3.0,514514.0
200,0.0,1281.75,1281.75,1281.75,0.0,3.0,513007.0
201,0.0,1286.0,1286.0,1286.0,0.0,3.0,513702.0
202,0.0,1287.25,1287.25,1287.25,0.0,3.0,519524.0
203,0.0,1287.25,1287.25,1287.25,0.0,3.0,530817.0
204,0.0,1293.5,1293.5,1293.5,0.0,3.0,537439.0
205,0.0,1307.0,1307.0,1307.0,0.0,3.0,541105.0
206,0.0,1322.0,1322.0,1322.0,0.0,3.0,559639.0
207,0.0,1337.0,1337.0,1337.0,0.0,3.0,579932.0
208,0.0,1328.0,1328.0,1328.0,0.0,3.0,591491.0
209,0.0,1335.0,1335.0,1335.0,0.0,3.0,600441.0
210,0.0,1335.0,1335.0,1335.0,0.0,0.0,0.0
211,0.0,1334.5,1334.5,1334.5,0.0,3.0,607068.0
212,0.0,1342.5,1342.5,1342.5,0.0,3.0,598893.0
213,0.0,1336.5,1336.5,1336.5,0.0,3.0,598300.0
214,0.0,1344.0,1344.0,1344.0,0.0,3.0,597801.0
215,0.0,1320.5,1320.5,1320.5,0.0,3.0,606358.0
216,0.0,1318.25,1318.25,1318.25,0.0,3.0,605003.0
217,0.0,1308.5,1308.5,1308.5,0.0,3.0,605925.0
218,0.0,1305.5,1305.5,1305.5,0.0,3.0,597579.0
219,0.0,1292.5,1292.5,1292.5,0.0,3.0,595197.0
220,0.0,1295.25,1295.25,1295.25,0.0,3.0,588291.0
221,0.0,1282.5,1282.5,1282.5,0.0,3.0,584691.0
222,0.0,1240.5,1240.5,1240.5,0.0,3.0,584569.0
223,1244.0,1244.0,1244.0,1244.0,0.0,3.0,580182.0
224,0.0,1253.0,1253.0,1253.0,2.0,3.0,575621.0
225,0.0,1243.0,1243.0,1243.0,0.0,3.0,574925.0
226,0.0,1246.0,1246.0,1246.0,0.0,3.0,569910.0
227,1238.0,1238.0,1206.0,1206.0,0.0,3.0,565600.0
228,0.0,1202.75,1202.75,1202.75,1.0,4.0,570026.0
229,0.0,1190.5,1190.5,1190.5,0.0,4.0,569921.0
230,0.0,1192.75,1192.75,1192.75,0.0,4.0,573568.0
231,0.0,1190.75,1190.75,1190.75,0.0,4.0,569968.0
232,0.0,1183.25,1183.25,1183.25,0.0,4.0,573655.0
233,0.0,1199.5,1199.5,1199.5,0.0,4.0,573552.0
234,0.0,1230.75,1230.75,1230.75,0.0,4.0,575326.0
235,0.0,1235.75,1235.75,1235.75,0.0,4.0,570586.0
236,0.0,1240.5,1240.5,1240.5,0.0,4.0,575158.0
237,0.0,1252.25,1252.25,1252.25,0.0,4.0,581699.0
238,0.0,1234.25,1234.25,1234.25,0.0,4.0,580126.0
239,0.0,1233.75,1233.75,1233.75,0.0,4.0,583788.0
240,0.0,1213.75,1213.75,1213.75,0.0,4.0,589267.0
241,0.0,1217.75,1217.75,1217.75,0.0,4.0,590786.0
242,0.0,1214.25,1214.25,1214.25,0.0,4.0,587227.0
243,0.0,1232.25,1232.25,1232.25,0.0,4.0,598653.0
244,0.0,1234.0,1234.0,1234.0,0.0,4.0,556784.0
245,0.0,1223.25,1221.75,1221.75,0.0,4.0,542925.0
246,0.0,1244.75,1244.75,1244.75,0.0,4.0,534165.0
247,0.0,1231.0,1231.0,1231.0,0.0,4.0,529594.0
248,0.0,1220.25,1220.25,1220.25,0.0,4.0,529623.0
249,0.0,1231.25,1231.25,1231.25,0.0,0.0,0.0
250,0.0,1208.5,1208.5,1208.5,0.0,4.0,518804.0
251,0.0,1231.25,1231.25,1231.25,0.0,4.0,518769.0
252,0.0,1224.5,1224.5,1224.5,0.0,4.0,517994.0
253,0.0,1212.5,1212.5,1212.5,0.0,3.0,512242.0
254,0.0,1212.5,1212.5,1212.5,0.0,3.0,518954.0
255,0.0,1199.5,1199.5,1199.5,0.0,3.0,515823.0
256,0.0,1192.5,1192.5,1192.5,0.0,3.0,519381.0
257,0.0,1197.5,1197.5,1197.5,0.0,3.0,525210.0
258,0.0,1198.0,1198.0,1198.0,0.0,3.0,526393.0
259,0.0,1212.5,1212.5,1212.5,0.0,0.0,529055.0
260,0.0,1197.5,1197.5,1197.5,0.0,4.0,529416.0
261,0.0,1182.5,1182.5,1182.5,0.0,4.0,524575.0
262,0.0,1184.5,1184.5,1184.5,0.0,4.0,522937.0
263,0.0,1169.5,1169.5,1169.5,0.0,4.0,522365.0
264,0.0,1179.5,1179.5,1179.5,0.0,4.0,524358.0
265,0.0,1155.0,1155.0,1155.0,0.0,4.0,522610.0
266,0.0,1155.0,1155.0,1155.0,0.0,0.0,0.0
267,0.0,1138.0,1138.0,1138.0,0.0,4.0,515736.0
268,0.0,1154.5,1154.5,1154.5,0.0,4.0,517071.0
269,0.0,1160.0,1160.0,1160.0,0.0,4.0,517082.0
270,0.0,1165.75,1165.75,1165.75,0.0,4.0,522757.0
271,0.0,1166.0,1166.0,1166.0,0.0,4.0,525284.0
272,0.0,1173.0,1173.0,1173.0,0.0,4.0,527589.0
273,0.0,1167.25,1167.25,1167.25,0.0,4.0,530593.0
274,0.0,1171.75,1171.75,1171.75,0.0,4.0,535272.0
275,0.0,1171.75,1171.75,1171.75,0.0,4.0,541368.0
276,0.0,1173.0,1173.0,1173.0,0.0,4.0,544895.0
277,0.0,1152.5,1152.5,1152.5,0.0,4.0,548327.0
278,0.0,1154.0,1154.0,1154.0,0.0,4.0,559020.0
279,0.0,1159.0,1159.0,1159.0,0.0,4.0,556510.0
280,0.0,1139.0,1139.0,1139.0,0.0,4.0,558276.0
281,0.0,1147.0,1147.0,1147.0,0.0,4.0,553570.0
282,0.0,1166.5,1166.5,1166.5,0.0,4.0,551493.0
283,0.0,1173.5,1173.5,1173.5,0.0,4.0,546758.0
284,0.0,1181.75,1181.75,1181.75,0.0,4.0,545094.0
285,0.0,1191.5,1191.5,1191.5,0.0,4.0,532221.0
286,0.0,1193.0,1193.0,1193.0,0.0,4.0,524035.0
287,0.0,1193.0,1193.0,1193.0,0.0,0.0,0.0
288,0.0,1215.0,1215.0,1215.0,0.0,6.0,499315.0
289,0.0,1212.0,1212.0,1212.0,0.0,6.0,480006.0
290,0.0,1207.5,1207.5,1207.5,0.0,6.0,469947.0
291,0.0,1205.0,1205.0,1205.0,0.0,6.0,461919.0
292,0.0,1205.0,1205.0,1205.0,0.0,0.0,0.0
293,0.0,1217.0,1217.0,1217.0,0.0,6.0,459819.0
294,0.0,1216.0,1216.0,1216.0,0.0,6.0,460649.0
295,0.0,1205.75,1205.75,1205.75,0.0,6.0,461549.0
296,0.0,1203.5,1203.5,1203.5,0.0,6.0,460255.0
297,0.0,1220.5,1220.5,1220.5,0.0,6.0,460433.0
298,0.0,1218.5,1218.5,1218.5,0.0,6.0,458618.0
299,0.0,1203.5,1203.5,1203.5,0.0,6.0,460330.0
300,0.0,1193.5,1193.5,1193.5,0.0,6.0,466143.0
301,0.0,1180.0,1180.0,1180.0,0.0,6.0,477013.0
302,0.0,1180.0,1180.0,1180.0,0.0,0.0,0.0
303,0.0,1195.0,1195.0,1195.0,0.0,6.0,476936.0
304,0.0,1190.0,1190.0,1190.0,0.0,6.0,478025.0
305,0.0,1197.0,1197.0,1197.0,0.0,6.0,480009.0
306,0.0,1187.0,1187.0,1187.0,0.0,6.0,475999.0
307,0.0,1197.0,1197.0,1197.0,0.0,6.0,480177.0
308,0.0,1205.0,1205.0,1205.0,0.0,6.0,476206.0
309,0.0,1205.25,1205.25,1205.25,0.0,6.0,478304.0
310,0.0,1212.25,1212.25,1212.25,0.0,6.0,477413.0
311,0.0,1210.5,1210.5,1210.5,0.0,6.0,478936.0
312,0.0,1191.5,1191.5,1191.5,0.0,6.0,479421.0
313,0.0,1198.5,1198.5,1198.5,0.0,6.0,494541.0
314,0.0,1212.5,1212.5,1212.5,0.0,6.0,500591.0
315,0.0,1215.5,1215.5,1215.5,0.0,6.0,503856.0
316,0.0,1224.5,1224.5,1224.5,0.0,6.0,504392.0
317,0.0,1221.5,1221.5,1221.5,0.0,6.0,504695.0
318,0.0,1226.75,1226.75,1226.75,0.0,6.0,513079.0
319,0.0,1224.5,1224.5,1224.5,0.0,6.0,515752.0
320,0.0,1222.5,1222.5,1222.5,0.0,6.0,518439.0
321,0.0,1220.0,1220.0,1220.0,0.0,6.0,522051.0
322,0.0,1229.5,1229.5,1229.5,0.0,6.0,529016.0
323,0.0,1219.0,1219.0,1219.0,0.0,6.0,542713.0
324,0.0,1216.5,1216.5,1216.5,0.0,6.0,549098.0
325,0.0,1205.5,1205.5,1205.5,0.0,6.0,548801.0
326,0.0,1208.5,1208.5,1208.5,0.0,6.0,544792.0
327,0.0,1208.5,1208.5,1208.5,0.0,0.0,0.0
328,0.0,1216.5,1216.5,1216.5,0.0,6.0,548248.0
329,0.0,1221.0,1221.0,1221.0,0.0,6.0,544141.0
330,0.0,1223.75,1223.75,1223.75,0.0,6.0,550475.0
331,0.0,1230.5,1230.5,1230.5,0.0,6.0,538609.0
332,0.0,1231.5,1231.5,1231.5,0.0,6.0,537651.0
333,0.0,1236.5,1236.5,1236.5,0.0,6.0,540307.0
334,0.0,1239.0,1239.0,1239.0,0.0,6.0,548824.0
335,0.0,1235.5,1235.5,1235.5,0.0,6.0,551997.0
336,0.0,1223.0,1223.0,1223.0,0.0,6.0,555074.0
337,0.0,1225.0,1225.0,1225.0,0.0,6.0,558473.0
338,0.0,1228.75,1228.75,1228.75,0.0,6.0,568713.0
339,1232.0,1233.5,1232.0,1233.5,0.0,6.0,567056.0
340,0.0,1242.0,1242.0,1242.0,1.0,6.0,573366.0
341,0.0,1234.0,1234.0,1234.0,0.0,6.0,584244.0
342,0.0,1238.5,1238.5,1238.5,0.0,6.0,588528.0
343,0.0,1241.75,1241.75,1241.75,0.0,6.0,603316.0
344,0.0,1253.0,1253.0,1253.0,0.0,6.0,615504.0
345,0.0,1255.5,1255.5,1255.5,0.0,6.0,628880.0
346,0.0,1249.5,1249.5,1249.5,0.0,6.0,630683.0
347,0.0,1234.5,1234.5,1234.5,0.0,6.0,643335.0
348,0.0,1242.0,1242.0,1242.0,0.0,6.0,640010.0
349,0.0,1237.0,1237.0,1237.0,0.0,6.0,647054.0
350,0.0,1244.5,1244.5,1244.5,0.0,6.0,647873.0
351,0.0,1247.5,1247.5,1247.5,0.0,6.0,661772.0
352,0.0,1247.25,1247.25,1247.25,0.0,6.0,678977.0
353,0.0,1240.5,1240.5,1240.5,0.0,6.0,684579.0
354,0.0,1227.25,1227.25,1227.25,0.0,6.0,687979.0
355,1252.0,1252.0,1251.75,1251.75,0.0,6.0,689227.0
356,0.0,1265.75,1265.75,1265.75,2.0,6.0,720724.0
357,0.0,1269.75,1269.75,1269.75,0.0,6.0,742059.0
358,0.0,1268.25,1268.25,1268.25,0.0,6.0,753503.0
359,0.0,1266.5,1266.5,1266.5,0.0,6.0,768126.0
360,0.0,1267.25,1267.25,1267.25,0.0,6.0,779218.0
361,0.0,1251.25,1251.25,1251.25,0.0,6.0,782310.0
362,0.0,1248.25,1248.25,1248.25,0.0,6.0,786976.0
363,0.0,1261.25,1261.25,1261.25,0.0,6.0,784896.0
364,0.0,1248.75,1248.75,1248.75,0.0,6.0,789929.0
365,0.0,1244.5,1244.5,1244.5,0.0,6.0,796841.0
366,0.0,1251.5,1251.5,1251.5,0.0,6.0,799006.0
367,0.0,1237.0,1237.0,1237.0,0.0,6.0,811920.0
368,0.0,1243.0,1243.0,1243.0,0.0,6.0,811569.0
369,0.0,1246.5,1246.5,1246.5,0.0,6.0,817841.0
370,0.0,1237.75,1237.75,1237.75,0.0,6.0,815956.0
371,0.0,1241.25,1241.25,1241.25,0.0,6.0,811353.0
372,0.0,1249.25,1249.25,1249.25,0.0,6.0,815824.0
373,0.0,1240.0,1240.0,1240.0,0.0,6.0,813654.0
374,0.0,1241.25,1241.25,1241.25,0.0,6.0,800781.0
375,0.0,1253.25,1253.25,1253.25,0.0,6.0,797618.0
376,0.0,1229.0,1229.0,1229.0,0.0,0.0,0.0
377,0.0,1231.0,1231.0,1231.0,0.0,6.0,807123.0
378,0.0,1241.0,1241.0,1241.0,0.0,6.0,810246.0
379,0.0,1241.75,1241.75,1241.75,0.0,6.0,807369.0
380,0.0,1229.0,1229.0,1229.0,0.0,6.0,807314.0
381,0.0,1215.0,1215.0,1215.0,0.0,6.0,808932.0
382,1211.0,1211.0,1205.0,1205.0,0.0,6.0,798730.0
383,0.0,1212.25,1212.25,1212.25,2.0,6.0,790130.0
384,0.0,1181.25,1181.25,1181.25,0.0,6.0,795633.0
385,0.0,1163.75,1163.75,1163.75,0.0,6.0,788484.0
386,0.0,1176.25,1176.25,1176.25,0.0,6.0,788762.0
387,0.0,1170.25,1170.25,1170.25,0.0,6.0,790835.0
388,0.0,1174.5,1174.5,1174.5,0.0,6.0,791260.0
389,0.0,1165.25,1165.25,1165.25,0.0,6.0,781683.0
390,0.0,1185.25,1185.25,1185.25,0.0,6.0,778132.0
391,0.0,1172.0,1172.0,1172.0,0.0,6.0,775614.0
392,0.0,1153.5,1153.5,1153.5,0.0,6.0,776789.0
393,0.0,1173.25,1173.25,1173.25,0.0,6.0,775931.0
394,0.0,1178.0,1178.0,1178.0,0.0,6.0,774218.0
395,0.0,1178.0,1178.0,1178.0,0.0,0.0,0.0
396,0.0,1182.5,1182.5,1182.5,0.0,6.0,774281.0
397,0.0,1183.5,1183.5,1183.5,0.0,6.0,773982.0
398,0.0,1170.5,1170.5,1170.5,0.0,6.0,770865.0
399,0.0,1161.5,1161.5,1161.5,0.0,6.0,767786.0
400,0.0,1172.25,1172.25,1172.25,0.0,6.0,760602.0
401,0.0,1181.25,1181.25,1181.25,0.0,6.0,763614.0
402,0.0,1191.25,1191.25,1191.25,0.0,6.0,762748.0
403,0.0,1222.25,1222.25,1222.25,0.0,6.0,769403.0
404,1207.75,1212.0,1207.75,1212.0,0.0,6.0,762933.0
405,0.0,1208.75,1208.75,1208.75,2.0,6.0,762733.0
406,0.0,1208.0,1208.0,1208.0,0.0,6.0,762415.0
407,0.0,1198.75,1198.75,1198.75,0.0,6.0,771727.0
408,0.0,1190.75,1190.75,1190.75,0.0,6.0,775649.0
409,0.0,1196.0,1196.0,1196.0,0.0,6.0,775116.0
410,0.0,1212.75,1212.75,1212.75,0.0,6.0,772429.0
411,0.0,1243.0,1243.0,1243.0,0.0,6.0,771476.0
412,0.0,1254.5,1254.5,1254.5,0.0,6.0,783332.0
413,0.0,1232.5,1232.5,1232.5,0.0,6.0,786467.0
414,0.0,1235.5,1235.5,1235.5,0.0,6.0,773095.0
415,0.0,1265.75,1265.75,1265.75,0.0,6.0,774359.0
416,0.0,1256.5,1256.5,1256.5,0.0,6.0,769831.0
417,0.0,1252.25,1252.25,1252.25,0.0,6.0,767736.0
418,0.0,1247.25,1247.25,1247.25,0.0,6.0,765753.0
419,0.0,1267.5,1267.5,1267.5,4.0,8.0,764563.0
420,0.0,1284.25,1284.25,1284.25,0.0,8.0,769935.0
421,0.0,1302.75,1302.75,1302.75,0.0,8.0,773141.0
422,0.0,1302.75,1302.75,1302.75,0.0,0.0,0.0
423,1315.25,1322.0,1315.25,1322.0,0.0,8.0,775344.0
424,1307.75,1308.0,1307.75,1308.0,1.0,8.0,802740.0
425,1328.0,1328.0,1327.75,1327.75,2.0,8.0,799616.0
426,1325.0,1325.0,1324.25,1324.25,2.0,9.0,800506.0
427,0.0,1298.5,1298.5,1298.5,1.0,9.0,799500.0
428,0.0,1301.25,1301.25,1301.25,0.0,9.0,815115.0
429,0.0,1323.75,1323.75,1323.75,0.0,9.0,822467.0
430,0.0,1346.0,1346.0,1346.0,0.0,9.0,821605.0
431,0.0,1336.25,1336.25,1336.25,0.0,9.0,828300.0
432,0.0,1326.75,1326.75,1326.75,0.0,9.0,833271.0
433,0.0,1300.25,1300.25,1300.25,0.0,9.0,838137.0
434,0.0,1309.25,1309.25,1309.25,1.0,9.0,836188.0
435,0.0,1275.0,1275.0,1275.0,0.0,9.0,836413.0
436,0.0,1253.75,1253.75,1253.75,0.0,9.0,829972.0
437,0.0,1274.5,1274.5,1274.5,0.0,9.0,811596.0
438,0.0,1248.0,1248.0,1248.0,0.0,9.0,803124.0
439,0.0,1270.0,1270.0,1270.0,0.0,9.0,797713.0
440,0.0,1295.0,1295.0,1295.0,0.0,9.0,764150.0
441,0.0,1289.75,1289.75,1289.75,0.0,9.0,763147.0
442,0.0,1281.5,1281.5,1281.5,0.0,9.0,760359.0
443,0.0,1279.0,1279.0,1279.0,0.0,9.0,762624.0
444,0.0,1299.5,1299.5,1299.5,0.0,9.0,760686.0
445,0.0,1282.25,1282.25,1282.25,0.0,9.0,763054.0
446,0.0,1274.0,1274.0,1274.0,0.0,9.0,758262.0
447,0.0,1279.5,1279.5,1279.5,0.0,9.0,752907.0
448,0.0,1293.25,1293.25,1293.25,0.0,9.0,742942.0
449,0.0,1311.5,1311.5,1311.5,0.0,9.0,745363.0
450,0.0,1281.25,1281.25,1281.25,0.0,9.0,748899.0
451,0.0,1286.25,1286.25,1286.25,0.0,9.0,744752.0
452,0.0,1296.75,1296.75,1296.75,0.0,9.0,741621.0
453,0.0,1286.5,1286.5,1286.5,0.0,9.0,739198.0
454,0.0,1292.75,1292.75,1292.75,0.0,9.0,739615.0
455,0.0,1306.75,1306.75,1306.75,0.0,9.0,740510.0
456,1317.75,1334.75,1317.75,1334.75,0.0,9.0,742917.0
457,0.0,1338.25,1338.25,1338.25,46.0,39.0,755187.0
458,0.0,1325.25,1325.25,1325.25,0.0,39.0,753488.0
459,0.0,1333.0,1333.0,1333.0,3.0,40.0,757670.0
460,0.0,1331.75,1331.75,1331.75,0.0,40.0,747565.0
461,0.0,1347.25,1347.25,1347.25,0.0,40.0,741452.0
462,0.0,1357.0,1357.0,1357.0,0.0,40.0,742075.0
463,0.0,1360.0,1360.0,1360.0,0.0,40.0,740977.0
464,0.0,1363.75,1363.75,1363.75,0.0,40.0,747352.0
465,0.0,1363.75,1363.75,1363.75,0.0,0.0,0.0
466,0.0,1391.0,1391.0,1391.0,0.0,40.0,744916.0
467,0.0,1384.25,1384.25,1384.25,4.0,40.0,742719.0
468,0.0,1386.25,1386.25,1386.25,0.0,40.0,735456.0
469,0.0,1375.5,1375.5,1375.5,0.0,40.0,736796.0
470,0.0,1359.25,1359.25,1359.25,0.0,40.0,737904.0
471,1354.75,1356.0,1348.75,1348.75,0.0,40.0,733581.0
472,1350.0,1374.75,1350.0,1374.75,11.0,44.0,733037.0
473,0.0,1391.0,1391.0,1391.0,2.0,45.0,737841.0
474,0.0,1397.0,1397.0,1397.0,0.0,45.0,737335.0
475,0.0,1342.75,1342.75,1342.75,1.0,45.0,735746.0
476,1343.0,1352.25,1343.0,1347.75,17.0,52.0,734073.0
477,0.0,1370.5,1370.5,1370.5,2.0,52.0,730121.0
478,0.0,1344.5,1344.5,1344.5,7.0,57.0,730126.0
479,0.0,1359.0,1359.0,1359.0,0.0,57.0,733497.0
480,0.0,1357.25,1357.25,1357.25,0.0,57.0,728281.0
481,0.0,1357.25,1357.25,1357.25,0.0,57.0,725429.0
482,0.0,1326.75,1326.75,1326.75,0.0,57.0,725027.0
483,0.0,1321.5,1321.5,1321.5,0.0,57.0,727396.0
484,0.0,1343.25,1343.25,1343.25,0.0,57.0,726328.0
485,0.0,1334.0,1334.0,1334.0,0.0,57.0,724658.0
486,0.0,1331.25,1331.25,1331.25,0.0,57.0,725411.0
487,0.0,1342.75,1342.75,1342.75,0.0,57.0,721121.0
488,0.0,1339.5,1339.5,1339.5,0.0,57.0,723277.0
489,0.0,1334.75,1334.75,1334.75,0.0,57.0,721977.0
490,0.0,1339.5,1339.25,1339.25,0.0,57.0,726573.0
491,0.0,1349.25,1349.25,1349.25,0.0,57.0,725846.0
492,1338.5,1342.5,1338.25,1342.5,0.0,57.0,718505.0
493,0.0,1361.25,1361.25,1361.25,5.0,57.0,708050.0
494,0.0,1346.5,1346.5,1346.5,0.0,57.0,711034.0
495,0.0,1334.0,1334.0,1334.0,0.0,57.0,712271.0
496,0.0,1336.25,1336.25,1336.25,0.0,57.0,713562.0
497,0.0,1345.0,1345.0,1345.0,0.0,57.0,715099.0
498,0.0,1360.75,1360.75,1360.75,0.0,57.0,713814.0
499,1360.0,1360.0,1348.25,1348.25,0.0,57.0,717145.0
500,0.0,1346.5,1346.5,1346.5,2.0,57.0,710651.0
501,0.0,1343.25,1343.25,1343.25,0.0,57.0,708946.0
502,0.0,1344.5,1344.5,1344.5,0.0,57.0,706472.0
503,0.0,1344.0,1344.0,1344.0,0.0,57.0,707123.0
504,0.0,1350.25,1350.25,1350.25,0.0,57.0,704422.0
505,0.0,1339.0,1339.0,1339.0,0.0,57.0,674090.0
506,0.0,1343.5,1343.5,1343.5,0.0,57.0,657532.0
507,1357.0,1357.0,1356.5,1356.5,0.0,57.0,639787.0
508,0.0,1361.75,1361.75,1361.75,2.0,57.0,633645.0
509,0.0,1349.0,1349.0,1349.0,0.0,57.0,634646.0
510,0.0,1345.5,1345.5,1345.5,0.0,57.0,632395.0
511,0.0,1353.25,1353.25,1353.25,0.0,57.0,626668.0
512,0.0,1354.5,1354.5,1354.5,2.0,57.0,620361.0
513,0.0,1346.5,1346.5,1346.5,2.0,57.0,615527.0
514,0.0,1330.0,1330.0,1330.0,0.0,57.0,614163.0
515,0.0,1297.5,1297.5,1297.5,0.0,57.0,603152.0
516,0.0,1294.75,1294.75,1294.75,0.0,57.0,605171.0
517,0.0,1289.5,1289.5,1289.5,2.0,58.0,604162.0
518,0.0,1288.5,1288.5,1288.5,17.0,65.0,600210.0
519,1284.0,1287.5,1284.0,1287.5,12.0,66.0,605051.0
520,0.0,1301.0,1301.0,1301.0,84.0,121.0,601897.0
521,0.0,1315.0,1315.0,1315.0,0.0,121.0,598632.0
522,0.0,1315.0,1315.0,1315.0,0.0,0.0,0.0
523,1308.0,1310.0,1308.0,1308.0,0.0,0.0,0.0
524,0.0,1308.5,1308.5,1308.5,5.0,121.0,606472.0
525,1312.5,1317.0,1312.5,1317.0,0.0,121.0,606326.0
526,0.0,1330.5,1330.5,1330.5,229.0,252.0,606712.0
527,1320.0,1322.5,1319.0,1322.5,0.0,252.0,603386.0
528,1325.5,1326.25,1322.75,1324.5,22.0,253.0,601640.0
529,0.0,1320.75,1320.75,1320.75,17.0,253.0,603040.0
530,1325.75,1331.0,1323.0,1323.5,0.0,253.0,595841.0
531,1323.0,1323.0,1320.5,1320.5,103.0,281.0,591680.0
532,1325.0,1334.5,1325.0,1334.5,25.0,296.0,593934.0
533,1332.0,1340.0,1332.0,1338.75,77.0,317.0,596472.0
534,1340.25,1341.0,1332.25,1333.5,23.0,323.0,592109.0
535,1340.5,1340.5,1339.5,1339.5,19.0,331.0,591167.0
536,1340.5,1342.25,1326.75,1326.75,5.0,331.0,585861.0
537,0.0,1324.5,1324.5,1324.5,34.0,350.0,599332.0
538,0.0,1316.5,1316.5,1316.5,50.0,355.0,603576.0
539,1319.5,1324.0,1319.5,1324.0,0.0,355.0,614866.0
540,1318.5,1326.75,1316.0,1325.5,13.0,352.0,611890.0
541,1318.0,1318.25,1318.0,1318.25,23.0,372.0,617006.0
542,1311.0,1316.5,1311.0,1316.5,41.0,364.0,611685.0
543,0.0,1305.5,1305.5,1305.5,27.0,376.0,604127.0
544,0.0,1320.0,1320.0,1320.0,2.0,377.0,592328.0
545,0.0,1326.5,1326.5,1326.5,14.0,380.0,575226.0
546,0.0,1317.75,1317.75,1317.75,4.0,380.0,569969.0
547,0.0,1320.75,1320.75,1320.75,0.0,380.0,563629.0
548,0.0,1328.5,1328.5,1328.5,22.0,376.0,555678.0
549,0.0,1324.0,1324.0,1324.0,8.0,377.0,546876.0
550,1336.0,1336.0,1309.0,1317.5,37.0,408.0,546273.0
551,1302.75,1314.25,1302.75,1314.25,45.0,436.0,548932.0
552,0.0,1300.25,1300.25,1300.25,22.0,442.0,544418.0
553,0.0,1307.5,1307.5,1307.5,26.0,452.0,545592.0
554,0.0,1305.75,1305.75,1305.75,32.0,460.0,541046.0
555,1301.75,1310.0,1301.75,1310.0,13.0,467.0,539444.0
556,1307.5,1307.75,1304.25,1304.25,52.0,473.0,537423.0
557,1296.0,1296.0,1287.0,1289.0,55.0,500.0,537141.0
558,0.0,1308.25,1308.25,1308.25,44.0,532.0,538809.0
559,1306.5,1307.25,1300.75,1300.75,39.0,556.0,537905.0
560,1309.5,1312.75,1308.0,1312.75,54.0,578.0,532386.0
561,0.0,1302.75,1302.75,1302.75,30.0,577.0,533479.0
562,0.0,1310.0,1310.0,1310.0,25.0,587.0,536578.0
563,0.0,1310.0,1310.0,1310.0,0.0,0.0,0.0
564,1323.0,1325.5,1321.5,1325.5,0.0,587.0,540364.0
565,1320.0,1324.0,1313.5,1316.0,58.0,616.0,548246.0
566,1312.0,1316.25,1312.0,1316.25,57.0,609.0,551565.0
567,1313.0,1313.75,1312.75,1313.75,93.0,674.0,553764.0
568,1316.25,1319.5,1316.0,1319.5,33.0,706.0,558544.0
569,1325.25,1328.0,1321.5,1324.75,22.0,728.0,563939.0
570,1335.0,1343.75,1335.0,1342.25,34.0,755.0,574109.0
571,1343.75,1344.5,1325.5,1337.25,82.0,801.0,587360.0
572,1342.0,1342.0,1338.25,1338.25,62.0,814.0,594047.0
573,1346.0,1346.25,1344.0,1345.25,81.0,821.0,599230.0
574,1341.0,1350.75,1341.0,1350.75,172.0,831.0,602336.0
575,1338.75,1340.0,1338.75,1340.0,12.0,830.0,607910.0
576,1333.5,1333.5,1324.75,1328.75,114.0,839.0,610700.0
577,1299.0,1299.25,1292.75,1292.75,112.0,887.0,619698.0
578,1282.5,1282.5,1280.0,1280.0,120.0,885.0,622005.0
579,1281.25,1283.0,1279.0,1281.25,46.0,881.0,621389.0
580,1276.0,1280.25,1276.0,1280.25,167.0,958.0,618804.0
581,1274.5,1277.5,1271.0,1276.75,58.0,971.0,621471.0
582,0.0,1273.25,1273.25,1273.25,141.0,1003.0,626989.0
583,0.0,1273.25,1273.25,1273.25,0.0,0.0,0.0
584,0.0,1285.25,1285.25,1285.25,29.0,1006.0,634210.0
585,1296.25,1297.25,1296.25,1297.25,9.0,1010.0,639507.0
586,0.0,1287.0,1287.0,1287.0,95.0,1014.0,630410.0
587,0.0,1274.0,1272.25,1274.0,3.0,1016.0,624565.0
588,0.0,1274.75,1274.75,1274.75,41.0,1021.0,614089.0
589,1270.5,1273.25,1260.5,1264.75,39.0,1022.0,609882.0
590,1260.25,1266.5,1260.25,1266.5,52.0,1046.0,598065.0
591,0.0,1268.25,1268.25,1268.25,24.0,1060.0,601304.0
592,1268.25,1270.0,1268.25,1270.0,204.0,1092.0,599452.0
593,1281.75,1285.75,1281.0,1285.75,124.0,1193.0,598665.0
594,1284.75,1288.75,1284.5,1288.75,84.0,1242.0,593116.0
595,1288.75,1288.75,1285.25,1287.25,18.0,1253.0,592049.0
596,1287.5,1287.5,1274.0,1278.0,58.0,1280.0,591581.0
597,1277.5,1280.5,1277.5,1279.25,113.0,1340.0,598359.0
598,1280.0,1280.0,1277.25,1278.25,72.0,1361.0,601976.0
599,1275.75,1275.75,1265.5,1271.75,85.0,1388.0,605100.0
600,1266.75,1266.75,1265.75,1266.75,75.0,1401.0,600822.0
601,1270.75,1272.75,1270.75,1272.75,97.0,1450.0,601392.0
602,1265.0,1271.0,1265.0,1271.0,97.0,1495.0,595760.0
603,1269.25,1269.25,1267.5,1267.75,66.0,1522.0,589298.0
604,1271.75,1274.5,1270.25,1274.5,15.0,1533.0,582483.0
605,1275.0,1287.25,1275.0,1285.75,69.0,1532.0,581291.0
606,0.0,1275.25,1275.25,1275.25,63.0,1540.0,582574.0
607,1277.0,1281.25,1277.0,1281.25,159.0,1562.0,581253.0
608,1281.5,1288.5,1281.5,1288.5,69.0,1573.0,579981.0
609,1288.5,1290.25,1287.25,1290.0,42.0,1578.0,577889.0
610,1287.5,1287.5,1262.5,1262.75,32.0,1580.0,577218.0
611,1287.5,1287.5,1262.5,1262.75,0.0,0.0,0.0
612,1262.25,1270.25,1260.5,1266.5,94.0,1558.0,564693.0
613,1273.25,1273.25,1262.75,1267.0,49.0,1551.0,565716.0
614,1253.5,1253.75,1248.5,1252.25,341.0,1693.0,564799.0
615,1248.25,1255.25,1242.75,1254.25,213.0,1802.0,574751.0
616,1248.5,1250.25,1248.5,1249.75,176.0,1889.0,581129.0
617,1255.75,1255.75,1249.75,1254.75,92.0,1948.0,585072.0
618,1257.75,1264.0,1257.75,1264.0,464.0,1990.0,588606.0
619,1264.5,1264.5,1258.25,1258.25,92.0,1993.0,576117.0
620,1250.0,1255.0,1246.0,1255.0,556.0,2220.0,564293.0
621,1245.0,1245.0,1230.25,1232.0,521.0,2250.0,564976.0
622,1234.5,1245.0,1234.5,1244.5,362.0,2436.0,558275.0
623,1240.5,1247.0,1240.0,1245.0,250.0,2517.0,558529.0
624,1252.25,1252.5,1243.0,1249.5,251.0,2606.0,563642.0
625,1252.0,1252.0,1239.75,1239.75,261.0,2638.0,557632.0
626,1226.5,1230.75,1226.5,1230.75,193.0,2775.0,566544.0
627,1227.25,1228.0,1224.0,1224.75,539.0,3000.0,572557.0
628,1224.25,1226.5,1215.25,1221.5,384.0,3216.0,575432.0
629,1229.0,1233.25,1224.75,1233.25,183.0,3266.0,567449.0
630,1227.5,1237.0,1226.0,1236.5,172.0,3283.0,556541.0
631,1235.0,1255.5,1234.0,1254.0,73.0,3303.0,543920.0
632,1257.0,1257.0,1242.75,1247.0,254.0,3389.0,541250.0
633,1238.75,1239.25,1229.75,1234.25,762.0,3923.0,538163.0
634,1237.0,1237.0,1229.0,1229.0,361.0,4045.0,535894.0
635,1234.25,1249.5,1234.0,1248.25,264.0,4150.0,536912.0
636,1235.25,1239.75,1232.5,1234.25,331.0,4290.0,541639.0
637,1239.25,1243.0,1233.25,1241.5,141.0,4408.0,536780.0
638,1246.75,1246.75,1235.5,1241.25,321.0,4587.0,536505.0
639,1244.25,1244.25,1242.5,1244.25,230.0,4741.0,541528.0
640,1229.25,1236.25,1229.25,1236.25,478.0,5137.0,555280.0
641,1238.5,1242.75,1230.0,1240.5,233.0,5339.0,556364.0
642,1239.75,1244.75,1234.5,1236.0,316.0,5519.0,564426.0
643,1232.75,1241.25,1232.75,1239.75,329.0,5667.0,569127.0
644,1242.5,1248.75,1234.75,1248.75,831.0,5866.0,578256.0
645,1243.0,1247.25,1233.5,1247.25,519.0,6041.0,580796.0
646,1242.25,1245.25,1239.25,1240.5,192.0,6085.0,579830.0
647,1247.75,1257.25,1246.25,1257.0,400.0,5970.0,582728.0
648,1261.75,1269.75,1253.25,1260.5,788.0,6156.0,585466.0
649,1264.25,1267.0,1259.0,1265.5,562.0,6235.0,589237.0
650,1264.25,1267.0,1259.0,1265.5,0.0,0.0,0.0
651,1267.5,1297.0,1267.5,1297.0,501.0,6408.0,588718.0
652,1294.0,1302.5,1291.0,1297.0,1766.0,6773.0,581322.0
653,1302.0,1302.0,1287.0,1298.25,1146.0,7226.0,580614.0
654,1302.5,1324.5,1302.5,1314.0,636.0,7312.0,582537.0
655,1318.5,1338.75,1316.5,1333.25,3080.0,8106.0,594695.0
656,1330.0,1330.0,1313.0,1322.75,3205.0,7997.0,598052.0
657,1322.5,1322.5,1305.75,1307.75,801.0,8220.0,600318.0
658,1304.75,1314.75,1295.75,1314.0,570.0,8206.0,602828.0
659,1316.75,1335.25,1316.75,1333.0,1193.0,7961.0,605329.0
660,1326.75,1333.0,1315.5,1326.5,3262.0,8378.0,610417.0
661,1328.0,1336.25,1326.0,1336.25,1039.0,7998.0,607193.0
662,1335.0,1335.0,1315.0,1327.5,584.0,8040.0,612807.0
663,1327.5,1331.0,1304.0,1315.5,912.0,8316.0,614252.0
664,1321.0,1321.0,1303.5,1312.0,1184.0,8668.0,617481.0
665,1300.75,1305.25,1298.25,1305.25,1326.0,8530.0,616432.0
666,1308.0,1310.0,1303.0,1305.0,1668.0,8720.0,621705.0
667,1303.75,1326.5,1302.25,1320.5,530.0,8614.0,621572.0
668,1305.75,1305.75,1286.0,1287.25,1944.0,8373.0,624503.0
669,1285.75,1288.25,1275.0,1279.25,1704.0,8644.0,621591.0
670,1269.75,1281.0,1267.0,1281.0,643.0,8678.0,587745.0
671,1281.0,1288.25,1278.5,1281.75,698.0,8650.0,574543.0
672,1279.75,1282.5,1270.0,1276.75,1067.0,8516.0,562572.0
673,1279.75,1284.25,1268.25,1276.25,1558.0,8762.0,553660.0
674,1274.25,1276.0,1253.0,1258.75,1300.0,9089.0,542250.0
675,1250.0,1266.25,1250.0,1255.25,1417.0,8934.0,531866.0
676,1263.75,1263.75,1252.25,1253.75,1169.0,8854.0,527273.0
677,1260.75,1266.5,1256.0,1265.25,845.0,9000.0,523071.0
678,1260.75,1266.5,1256.0,1265.25,0.0,0.0,0.0
679,1261.25,1262.5,1239.75,1242.0,2204.0,9504.0,526077.0
680,1248.0,1265.0,1247.25,1263.75,922.0,9692.0,522586.0
681,1265.0,1292.75,1265.0,1282.75,1041.0,9713.0,520284.0
682,1285.5,1296.0,1281.0,1283.75,1900.0,9997.0,517972.0
683,1291.5,1291.5,1271.75,1289.25,3073.0,10908.0,523291.0
684,1290.75,1290.75,1258.75,1260.25,2840.0,10605.0,525651.0
685,1255.5,1271.25,1255.5,1269.5,879.0,10834.0,522877.0
686,1273.0,1293.25,1272.25,1283.75,588.0,10768.0,519896.0
687,1286.0,1286.0,1273.5,1282.5,1364.0,11110.0,522786.0
688,1269.75,1276.0,1264.25,1267.0,1305.0,11146.0,528254.0
689,1267.25,1279.25,1264.5,1274.25,938.0,11131.0,522527.0
690,1275.75,1288.5,1270.75,1279.5,1108.0,11353.0,520114.0
691,1272.75,1286.0,1262.75,1263.0,1127.0,11544.0,527451.0
692,1266.0,1273.0,1251.0,1257.5,1945.0,11753.0,526975.0
693,1256.0,1260.5,1223.75,1230.5,1744.0,12058.0,521548.0
694,1228.5,1241.0,1218.5,1238.5,2455.0,12317.0,507504.0
695,1227.5,1236.25,1220.25,1232.0,2004.0,12131.0,495508.0
696,1228.75,1235.0,1208.0,1211.5,1621.0,12302.0,490741.0
697,1206.75,1220.0,1204.75,1217.0,1809.0,12800.0,490251.0
698,1219.5,1219.5,1201.25,1205.5,1434.0,12668.0,491835.0
699,1207.5,1219.75,1190.0,1194.75,2439.0,12593.0,492411.0
700,1195.0,1203.5,1186.0,1200.5,2283.0,12903.0,491801.0
701,1198.75,1200.0,1184.5,1185.0,1783.0,13232.0,493786.0
702,1186.25,1191.75,1180.0,1182.25,2254.0,13570.0,496025.0
703,1182.5,1201.25,1182.0,1197.25,1440.0,13739.0,496959.0
704,1194.25,1207.0,1194.25,1197.25,3120.0,13667.0,502890.0
705,1205.0,1236.75,1204.5,1235.0,1516.0,13591.0,509917.0
706,1233.0,1250.0,1229.5,1231.0,4344.0,14231.0,508701.0
707,1232.25,1238.5,1219.25,1236.5,4691.0,14367.0,514193.0
708,1236.5,1253.0,1236.5,1248.5,4834.0,15100.0,525234.0
709,1248.5,1254.25,1233.75,1236.0,5012.0,16103.0,534182.0
710,1246.0,1255.0,1242.25,1251.0,4055.0,16532.0,536336.0
711,1248.25,1256.25,1243.75,1244.75,6586.0,17542.0,548529.0
712,1245.5,1268.75,1245.0,1252.75,5191.0,17497.0,545780.0
713,1252.0,1262.75,1245.75,1245.75,4524.0,17924.0,560204.0
714,1246.25,1276.5,1246.25,1274.75,4273.0,18263.0,569282.0
715,1285.0,1324.5,1285.0,1314.5,6647.0,18571.0,570625.0
716,1315.0,1330.0,1297.25,1302.75,12850.0,21611.0,566630.0
717,1304.25,1326.5,1303.0,1310.25,11714.0,25198.0,571623.0
718,1310.75,1318.0,1299.0,1303.75,7193.0,25032.0,581804.0
719,1304.5,1315.75,1288.0,1307.75,3753.0,25389.0,579413.0
720,1304.5,1315.75,1288.0,1307.75,0.0,0.0,0.0
721,1327.75,1344.0,1317.75,1322.0,5873.0,26657.0,587861.0
722,1320.25,1321.75,1287.5,1298.75,5804.0,27868.0,591014.0
723,1301.0,1313.25,1280.25,1309.25,5756.0,27885.0,599377.0
724,1311.25,1314.0,1297.0,1304.25,5077.0,28469.0,609044.0
725,1315.0,1317.0,1294.5,1303.0,5888.0,28866.0,610583.0
726,1293.25,1306.75,1290.0,1303.0,5806.0,29901.0,612086.0
727,1303.5,1309.0,1298.75,1307.0,2837.0,29888.0,611277.0
728,1307.0,1324.5,1291.0,1322.5,4648.0,29631.0,605874.0
729,1325.0,1326.75,1303.75,1307.0,9981.0,30670.0,616740.0
730,1300.0,1302.0,1277.5,1288.75,8007.0,31954.0,619026.0
731,1286.0,1304.75,1281.5,1291.5,5571.0,31904.0,613690.0
732,1288.75,1303.25,1285.75,1299.25,5212.0,31982.0,613082.0
733,1300.5,1308.0,1287.25,1293.75,7137.0,32372.0,616074.0
734,1292.0,1292.75,1264.75,1270.5,4900.0,32724.0,620674.0
735,1265.0,1275.0,1263.5,1267.5,7160.0,32875.0,626789.0
736,1266.5,1280.75,1265.75,1271.5,4112.0,33157.0,620873.0
737,1272.0,1279.75,1263.5,1274.75,3640.0,32814.0,620378.0
738,1273.75,1274.0,1267.5,1268.0,5905.0,33393.0,624017.0
739,1268.0,1273.25,1262.75,1264.5,4657.0,34011.0,628884.0
740,1261.0,1261.25,1240.0,1241.75,5860.0,33888.0,625787.0
741,1237.75,1240.0,1227.5,1229.0,7237.0,34458.0,622509.0
742,1229.0,1239.0,1224.0,1234.0,11778.0,33771.0,616871.0
743,1232.0,1246.0,1230.25,1245.0,8089.0,33537.0,616666.0
744,1244.5,1255.0,1239.25,1253.25,6384.0,34996.0,617611.0
745,1252.0,1262.0,1247.5,1260.75,4375.0,35185.0,615665.0
746,1261.25,1269.0,1245.25,1252.5,7017.0,36052.0,615952.0
747,1251.25,1253.5,1244.0,1247.5,12509.0,36713.0,623084.0
748,1244.5,1260.0,1243.75,1251.5,8607.0,37473.0,624416.0
749,1251.75,1253.5,1234.0,1235.0,10187.0,39008.0,631194.0
750,1231.75,1249.5,1230.5,1242.0,8443.0,39903.0,639468.0
751,1241.25,1247.75,1237.25,1240.5,11384.0,40567.0,645509.0
752,1240.75,1249.75,1239.25,1246.75,8255.0,40126.0,641739.0
753,1246.75,1255.75,1244.5,1254.5,8601.0,41350.0,653284.0
754,1253.0,1259.75,1248.25,1253.5,8757.0,41962.0,654235.0
755,1252.25,1263.5,1252.0,1260.5,7416.0,41811.0,651023.0
756,1260.25,1260.25,1250.75,1256.75,6106.0,43128.0,654914.0
757,1252.75,1267.25,1252.5,1262.25,4365.0,43839.0,652099.0
758,1262.25,1266.25,1258.75,1259.5,7766.0,44546.0,655213.0
759,1259.5,1261.75,1246.25,1249.75,10703.0,47207.0,654259.0
760,1249.0,1250.0,1230.0,1231.0,9479.0,47373.0,627727.0
761,1230.0,1239.25,1229.0,1237.0,8808.0,47029.0,596553.0
762,1237.25,1248.0,1237.25,1242.5,11314.0,48353.0,584429.0
763,1240.0,1250.0,1232.25,1234.75,8092.0,48698.0,571693.0
764,1234.75,1241.0,1223.25,1224.5,10007.0,50027.0,565513.0
765,1225.75,1237.0,1224.25,1227.75,9062.0,51684.0,562825.0
766,1228.25,1235.5,1221.0,1224.5,9160.0,52869.0,566980.0
767,1225.0,1232.0,1224.75,1228.5,8285.0,53649.0,563696.0
768,1227.5,1236.5,1223.5,1230.25,7030.0,53721.0,566474.0
769,1227.25,1254.5,1225.0,1253.25,14161.0,52721.0,569880.0
770,1253.0,1261.25,1244.75,1257.75,21059.0,52424.0,573146.0
771,1257.5,1279.0,1250.25,1271.5,11523.0,53486.0,573659.0
772,1270.0,1278.0,1265.0,1276.0,15825.0,54571.0,577983.0
773,1274.0,1280.0,1266.25,1275.75,12884.0,54303.0,581217.0
774,1273.0,1275.25,1243.25,1245.0,9280.0,53998.0,585960.0
775,1245.0,1256.25,1243.5,1255.0,11797.0,53871.0,580950.0
776,1253.0,1258.0,1241.25,1249.25,7644.0,55534.0,584949.0
777,1251.5,1254.75,1246.75,1250.25,16191.0,55543.0,580418.0
778,1252.0,1261.25,1251.5,1260.75,7983.0,56074.0,582667.0
779,1260.25,1284.25,1259.5,1284.0,9829.0,55914.0,580549.0
780,1282.25,1290.0,1273.25,1288.25,18673.0,55286.0,592375.0
781,1285.0,1287.5,1276.5,1284.75,14938.0,56519.0,596943.0
782,1284.25,1292.75,1278.25,1282.25,16225.0,56807.0,606008.0
783,1284.25,1292.75,1278.25,1282.25,0.0,0.0,0.0
784,1285.0,1292.0,1283.75,1288.0,17198.0,57484.0,611550.0
785,1287.75,1293.75,1274.5,1278.75,8385.0,58509.0,618939.0
786,1278.25,1285.5,1272.25,1279.75,11381.0,59464.0,620152.0
787,1280.25,1291.25,1276.0,1288.0,11318.0,60378.0,617949.0
788,1287.0,1291.25,1280.0,1289.75,13570.0,61377.0,619403.0
789,1288.5,1289.25,1280.75,1287.75,10910.0,61393.0,621986.0
790,1286.25,1303.0,1286.25,1299.75,8915.0,62830.0,627208.0
791,1298.25,1301.25,1283.0,1291.25,12045.0,63846.0,633121.0
792,1291.5,1297.5,1287.0,1296.75,21283.0,63818.0,641333.0
793,1296.75,1299.75,1276.25,1283.25,8452.0,64146.0,642104.0
794,1282.0,1284.75,1272.75,1284.0,19345.0,65808.0,639987.0
795,1285.5,1299.25,1278.25,1294.0,6667.0,65889.0,638677.0
796,1292.0,1305.0,1286.5,1303.25,9774.0,66790.0,644866.0
797,1301.75,1307.0,1286.5,1287.0,12617.0,65453.0,650859.0
798,1287.0,1294.25,1279.0,1293.0,13577.0,64963.0,642539.0
799,1292.0,1304.75,1288.25,1301.25,12557.0,65002.0,643113.0
800,1306.0,1309.75,1289.75,1290.75,10821.0,65930.0,634665.0
801,1291.25,1297.0,1286.75,1293.75,5757.0,65898.0,632289.0
802,1292.0,1292.0,1275.75,1278.75,3250.0,65929.0,628599.0
803,1279.25,1287.5,1278.75,1286.25,6261.0,66394.0,608358.0
804,1280.25,1286.75,1271.5,1278.75,6426.0,67167.0,589057.0
805,1280.25,1286.75,1271.5,1278.75,0.0,0.0,0.0
806,1265.0,1265.0,1238.25,1246.25,9418.0,67597.0,575755.0
807,1247.0,1257.0,1242.5,1248.25,21655.0,69261.0,571208.0
808,1249.5,1256.0,1245.0,1251.0,20159.0,70985.0,564099.0
809,1251.0,1254.25,1242.0,1247.5,13292.0,71811.0,564362.0
810,1246.0,1247.75,1234.75,1237.0,18806.0,74482.0,569064.0
811,1236.75,1245.0,1235.0,1240.5,21094.0,76214.0,574650.0
812,1240.5,1258.75,1238.0,1246.0,16122.0,77470.0,579974.0
813,1245.0,1262.75,1237.0,1260.75,33511.0,77919.0,587126.0
814,1259.25,1276.25,1255.0,1272.75,23960.0,77534.0,593689.0
815,1272.0,1283.0,1268.75,1281.25,28148.0,77390.0,594132.0
816,1280.0,1292.25,1276.75,1281.25,21430.0,78213.0,592957.0
817,1280.0,1283.5,1273.25,1282.0,25070.0,79490.0,605421.0
818,1280.0,1283.5,1273.25,1282.0,0.0,0.0,0.0
819,1278.5,1280.5,1248.75,1249.75,15764.0,80893.0,610741.0
820,1249.0,1256.25,1244.25,1252.25,21397.0,80832.0,603947.0
821,1253.0,1268.75,1248.75,1250.25,27553.0,79777.0,592410.0
822,1249.0,1258.75,1234.0,1257.75,24320.0,79734.0,590882.0
823,1257.75,1261.0,1248.75,1256.5,31916.0,80541.0,587806.0
824,1256.0,1258.5,1247.75,1256.5,23110.0,80037.0,587065.0
825,1255.0,1255.75,1240.0,1242.5,17124.0,81564.0,591907.0
826,1242.0,1256.75,1234.75,1246.0,24822.0,84559.0,605698.0
827,1246.5,1253.0,1242.25,1252.0,28160.0,85679.0,609031.0
828,1250.5,1267.75,1248.75,1262.25,19479.0,85260.0,612077.0
829,1262.0,1281.75,1260.5,1279.5,18500.0,86251.0,615040.0
830,1277.5,1285.0,1271.0,1280.75,31614.0,88885.0,624487.0
831,1278.75,1296.25,1278.0,1292.75,24216.0,90580.0,634810.0
832,1291.25,1299.0,1286.5,1298.0,39544.0,95820.0,654931.0
833,1293.5,1307.5,1288.0,1295.5,32834.0,102892.0,667899.0
834,1294.0,1304.0,1284.0,1301.75,39854.0,106546.0,675837.0
835,1301.5,1306.5,1289.0,1292.25,31853.0,107865.0,683209.0
836,1292.25,1314.0,1290.75,1312.0,29057.0,109552.0,675833.0
837,1309.25,1321.25,1306.75,1307.5,38465.0,113691.0,688960.0
838,1309.25,1321.25,1306.75,1307.5,0.0,0.0,0.0
839,1308.25,1330.5,1306.0,1330.25,29274.0,116325.0,685570.0
840,1330.0,1339.5,1320.5,1324.75,29792.0,120529.0,691004.0
841,1324.0,1334.0,1315.75,1331.75,30776.0,122338.0,695095.0
842,1331.0,1346.25,1325.75,1344.75,30995.0,124421.0,701891.0
843,1345.0,1361.25,1343.0,1358.25,34287.0,125217.0,695706.0
844,1357.25,1371.25,1349.5,1370.0,48355.0,130398.0,700979.0
845,1368.5,1375.0,1363.25,1373.25,42674.0,131898.0,704089.0
846,1370.0,1416.75,1365.0,1366.75,66223.0,134816.0,692844.0
847,1365.25,1386.75,1352.75,1385.25,80909.0,131931.0,678120.0
848,1388.0,1402.5,1376.0,1381.5,43088.0,132923.0,677326.0
849,1381.5,1398.0,1377.0,1396.5,46736.0,132302.0,672502.0
850,1398.0,1401.0,1385.5,1395.25,37136.0,133003.0,668093.0
851,1396.25,1413.25,1391.0,1409.5,45942.0,130465.0,659651.0
852,1408.25,1429.0,1404.25,1424.75,40211.0,132728.0,664293.0
853,1420.75,1423.75,1390.0,1394.25,55273.0,130357.0,658776.0
854,1394.5,1405.0,1386.5,1391.25,56059.0,129078.0,662607.0
855,1387.0,1388.25,1350.25,1368.5,54089.0,131628.0,670093.0
856,1371.0,1394.5,1362.5,1378.0,65477.0,134741.0,664084.0
857,1375.0,1382.75,1363.5,1371.75,61912.0,136157.0,672398.0
858,1372.25,1380.0,1361.0,1375.25,34487.0,134587.0,664579.0
859,1373.25,1397.5,1368.25,1395.75,24480.0,135357.0,659451.0
860,1394.0,1417.0,1394.0,1410.75,43598.0,136344.0,656245.0
861,1409.5,1429.0,1397.25,1410.0,55336.0,130671.0,643041.0
862,1408.25,1409.25,1380.0,1382.25,59809.0,129718.0,636457.0
863,1378.5,1403.75,1368.0,1398.75,42988.0,131094.0,627536.0
864,1399.0,1408.0,1388.5,1401.25,42931.0,132215.0,623512.0
865,1399.5,1411.75,1394.25,1410.0,23134.0,133584.0,624304.0
866,1409.0,1418.75,1401.0,1407.0,32451.0,136470.0,627294.0
867,1406.0,1412.5,1400.0,1407.75,30914.0,138746.0,627995.0
868,1404.75,1432.0,1394.5,1429.5,36408.0,138659.0,629001.0
869,1429.0,1461.25,1427.0,1457.25,67753.0,139933.0,635842.0
870,1456.25,1470.0,1434.25,1441.25,66838.0,146324.0,638252.0
871,1440.0,1457.0,1437.25,1454.25,74247.0,149335.0,637533.0
872,1453.75,1466.0,1444.25,1455.0,47088.0,155856.0,641236.0
873,1453.5,1460.75,1442.5,1448.25,42672.0,156595.0,635387.0
874,1447.5,1463.25,1444.25,1461.5,58181.0,170394.0,638905.0
875,1461.0,1490.0,1460.5,1478.0,76826.0,184747.0,642178.0
876,1477.0,1478.75,1458.75,1465.5,98721.0,197966.0,650780.0
877,1464.0,1465.25,1444.25,1447.25,65632.0,204757.0,649842.0
878,1446.0,1464.5,1444.75,1463.5,75081.0,223335.0,653889.0
879,1463.0,1493.75,1460.25,1487.5,84719.0,246317.0,661967.0
880,1507.25,1521.0,1492.5,1502.25,95219.0,270476.0,672479.0
881,1507.25,1521.0,1492.5,1502.25,0.0,0.0,0.0
882,1503.75,1512.25,1473.5,1487.25,91203.0,277649.0,672304.0
883,1489.5,1497.0,1470.0,1470.75,69793.0,282646.0,669104.0
884,1472.0,1479.0,1460.5,1464.75,108107.0,290526.0,662154.0
885,1463.75,1472.0,1460.5,1470.0,102503.0,290620.0,655530.0
886,1470.25,1496.0,1470.0,1494.25,89452.0,292714.0,647774.0
887,1496.5,1513.0,1490.75,1500.0,119418.0,302885.0,628044.0
888,1499.5,1520.5,1494.0,1517.25,113960.0,302432.0,613465.0
889,1517.25,1517.75,1502.25,1512.75,103571.0,313722.0,611142.0
890,1510.5,1512.0,1460.0,1461.0,76328.0,310137.0,605923.0
891,1462.5,1472.0,1451.0,1470.75,126619.0,301773.0,595287.0
892,1475.5,1482.5,1461.0,1463.25,86286.0,296040.0,587797.0
893,1464.75,1464.75,1443.25,1459.5,61538.0,295308.0,589047.0
894,1456.75,1457.5,1441.75,1446.25,88344.0,289013.0,582430.0
895,1447.25,1470.25,1446.25,1469.5,82514.0,287049.0,581647.0
896,1467.25,1491.5,1453.0,1487.0,82794.0,288093.0,586963.0
897,1487.0,1496.0,1462.5,1465.25,107822.0,284915.0,587211.0
898,1463.75,1485.0,1460.5,1483.75,79353.0,281571.0,586497.0
899,1483.0,1489.5,1467.0,1486.75,63178.0,282359.0,590462.0
900,1486.0,1493.5,1462.5,1470.25,90590.0,280719.0,595432.0
901,1469.25,1478.5,1461.5,1465.0,99019.0,279684.0,599504.0
902,1463.75,1492.75,1456.25,1485.25,62692.0,273827.0,595276.0
903,1484.0,1501.0,1468.5,1469.75,94674.0,275048.0,603962.0
904,1469.0,1507.75,1467.5,1505.25,85714.0,276292.0,607366.0
905,1505.0,1536.75,1503.0,1518.75,92239.0,275557.0,612271.0
906,1519.0,1529.0,1512.25,1515.5,127418.0,275186.0,618385.0
907,1519.0,1529.0,1512.25,1515.5,0.0,0.0,0.0
908,1510.5,1515.5,1486.5,1488.75,61663.0,273195.0,623752.0
909,1488.25,1502.0,1482.75,1497.75,79673.0,264070.0,618301.0
910,1498.0,1508.75,1493.25,1499.0,59173.0,259984.0,619520.0
911,1501.5,1506.5,1491.0,1493.25,60119.0,258119.0,620309.0
912,1488.0,1511.75,1478.25,1500.5,53201.0,255978.0,621573.0
913,1497.5,1502.0,1475.0,1481.25,80719.0,257610.0,632663.0
914,1481.25,1495.75,1475.75,1482.5,94325.0,243507.0,628560.0
915,1482.5,1487.25,1460.0,1460.5,77246.0,236419.0,629194.0
916,1461.0,1466.5,1456.0,1457.0,100870.0,221722.0,626863.0
917,1458.25,1469.75,1452.0,1457.0,79585.0,205723.0,621123.0
918,1457.0,1475.25,1454.25,1462.5,90654.0,192812.0,622115.0
919,1461.75,1466.5,1444.5,1445.5,96312.0,183566.0,632121.0
920,1444.0,1452.75,1410.0,1415.25,116254.0,164485.0,627417.0
921,1415.0,1429.0,1411.0,1425.75,139658.0,142484.0,623640.0
922,1427.75,1435.5,1417.5,1421.75,62657.0,137048.0,625215.0
923,1421.5,1425.25,1395.75,1398.25,77649.0,127352.0,619555.0
924,1398.5,1419.0,1393.5,1409.0,92060.0,112194.0,616886.0
925,1409.5,1422.0,1406.0,1420.75,67269.0,105739.0,616477.0
926,1421.5,1423.0,1402.25,1415.75,51600.0,94684.0,613944.0
927,1423.0,1434.5,1404.5,1424.75,62962.0,83706.0,604810.0
928,1423.0,1423.0,1407.0,1413.5,62252.0,67222.0,600616.0
929,1413.75,1422.0,1411.25,1415.75,60215.0,63713.0,608364.0
930,1416.5,1438.75,1415.0,1437.0,49180.0,48371.0,604569.0
931,1433.5,1440.75,1425.75,1432.0,52923.0,36035.0,601023.0
932,1434.5,1448.0,1380.5,1400.5,46875.0,20983.0,591679.0
933,1400.5,1409.25,1380.0,1400.0,17766.0,11886.0,597681.0
934,1399.75,1410.0,1392.5,1392.5,5871.0,8945.0,596424.0
935,1395.5,1399.75,1387.0,1387.75,5674.0,6389.0,597616.0
936,1395.5,1399.75,1387.0,1387.75,0.0,0.0,0.0
937,1386.0,1386.0,1358.0,1363.0,2692.0,4281.0,600153.0
938,1362.25,1363.25,1325.5,1329.75,1891.0,3177.0,606569.0
939,1325.75,1337.0,1314.0,1334.5,2956.0,1987.0,606259.0
940,1330.0,1347.75,1326.0,1329.75,1044.0,1422.0,611152.0
941,1329.75,1340.25,1249.25,1295.75,958.0,749.0,612205.0
942,1302.5,1308.5,1293.5,1295.0,992.0,299.0,620907.0
